-9.031355058996464180e-01
-6.878210009925617152e-01
-2.373779876614201534e-01
-3.927032352987597230e-01
-1.026538094823851166e-01
-5.149327456785410817e-01
3.117801040889899289e-01
-1.860612510684811260e+00
-6.461330150562658581e-01
8.940177076254046673e-01
4.848801960999691296e-01
5.185598146813049647e-01
-3.740556685239837531e-01
-1.193673803113796339e+00
-6.961654639061642946e-02
-6.496730564754091830e-01
-7.942232391367205491e-01
-9.698658721352969581e-01
-1.246502685921090370e-01
-2.256560906845456183e-01
-1.256404836072196440e+00
-8.889905276262604072e-01
8.057519814397187119e-01
9.941466945118219156e-01
-1.276532511194070629e+00
-1.686794474538401145e+00
8.809510601514956019e-01
7.504566868389401790e-01
-1.411586792467971252e+00
-3.365284162459026840e-01
-5.649511747326348976e-01
6.829852572378061204e-01
2.425671498561343675e-01
-1.709674674209280099e+00
5.076786901438836708e-01
-8.498851913629815735e-01
-1.656632116954184664e+00
6.635628188818949447e-01
-1.920825442234640468e-01
-1.370707913850762960e+00
-9.142205300281460723e-01
1.124397190780569211e+00
1.367733872671366369e+00
-1.933941070482680935e+00
1.345964537382966508e-01
-5.443966534053364947e-01
-7.281224771236268767e-01
