6.358428638960004209e-01
1.022377246325538280e+00
3.196526770335470502e-01
-5.175349087251697178e-01
-2.976894929938390666e-01
1.207516639621020182e-01
1.283082527653759630e+00
-4.150698113847373083e-02
-6.418536514965911266e-02
-3.971179339553602139e-01
8.120037790827600022e-01
6.774276451922682796e-01
-8.731249197037543874e-01
4.149008437890424617e-01
-9.306206918266912709e-02
-6.452989260006036787e-01
-9.693785947373153578e-01
-3.684796915420345265e-01
4.495021525200664225e-01
1.168835361653353999e+00
1.428457278906936079e-02
-6.497321255589272315e-01
7.746076973136279964e-01
-2.909798472962721316e-02
-5.023093300770402614e-01
-4.502843042911321980e-01
-1.102549561481598328e-01
-7.496572483257470942e-01
8.198688063748246213e-01
8.008587712071890685e-02
-2.153236918568568470e-01
8.404878240757721608e-01
-6.179218304549216612e-02
-6.156642872694634283e-01
7.679348905093168476e-01
1.390851892126152123e+00
3.589733340093658187e-01
5.514104218309943128e-01
6.588571140384457125e-01
4.635701894270917167e-01
3.079957827837188633e-01
1.339945532394807959e+00
-7.641859985023032875e-01
9.528230072135747131e-01
-6.193370653768752732e-01
-5.448405365825990110e-01
6.490532093311407458e-03
